1609999057
1071968126
1655210074
1201103467
2012380158
544228202
1025708822
1364349547
1825752416
2022396043
1971870525
1288979644
712098262
1578576895
1532270545
1554087307
1211914187
1630487101
340299545
1845969585
364741860
769023135
1852389140
1341490546
1793561509
1262339298
355541900
1353001091
1972342134
1420006172
1692402607
1434857543
344490650
1200129033
488477363
209387161
1744357236
1514186185
1573736708
1422626004
1389098580
1398123586
564122000
2101196843
829216833
2096392545
1507800502
2041131021
1579395998
1848100047
1739616958
1944137858
469639534
1444522451
1138144756
115717396
559378101
1493686656
1468718487
384236587
766209181
1013637446
1819094131
1110699831
66282831
160087846
1320086992
1810640067
1674274031
746340053
1085782424
915888964
2144463639
1649904424
869602159
826196824
1598813322
229919013
719844197
1030725672
2078019060
311977508
827379883
400174946
1756499959
1965524639
515892342
168394412
1311727648
1984610829
552631000
2077936829
850764627
224241483
1041153012
917047459
384329329
213756357
580203878
2058603360
960096410
1665986302
827008676
957076401
1168407079
1696610835
1783273225
619736753
1926529848
355633775
1650462425
1857065260
667611283
330358660
109756559
276627594
148399652
625648901
445022006
1460127300
462776083
997653006
1390580481
1313540710
1221894489
284249845
83104521
1606223818
498006202
663308400
1517343531
1458102612
181811054
196868559
267695365
1350218133
1893479395
2050968591
1969954886
1672525595
259118718
1472933664
1382107208
926730001
1803292324
1491863767
1203357595
1951691976
2117512668
1648379601
1264335628
432805103
498548960
507432461
1746345814
1720443449
791682307
1829450335
1179183620
1289688509
345275087
549043503
600307474
527086142
745912062
868002839
1877304275
491907809
771487782
1699775514
16949757
1030606500
1025225530
1399056965
1957336501
681034206
743437084
1013210448
485242535
713466104
514106402
1749578163
1146271208
1012655362
109526977
745133374
585615163
901209284
427100061
1764798783
43414145
772375149
166358638
643721619
1299461291
912270701
1511724459
1029281918
1404178510
135728593
581573784
1421128267
1166335094
1606799314
672701584
976187947
140349873
1416138668
1989398396
625592408
2129604773
356021150
227686923
1128392333
1368676512
337213900
1873525707
1954291675
1238423184
153142120
1571606811
1281837330
925517269
1737965449
1925558949
77494912
502752502
1289799760
1106776831
1906931013
1425528354
1688350615
1180575632
444379800
1147666282
1853277217
1420567747
1288016155
1121932237
1262482495
1913608563
1104053362
1618503645
2141295486
84962047
839696509
331025739
1958487754
646504537
1569448923
2111629875
70627700
703802605
889663496
1808593149
481877907
967158409
163862004
1771677667
2073935240
2070793017
1049722373
1614802207
1103885001
1494102173
614984841
809678570
767186273
1903000996
1931610808
2029668768
1669125911
888180522
1500688766
1662937750
973142570
192901627
1993963489
784146676
839406164
1415928764
748292903
910033864
2119731370
1637956400
571143366
454125629
457631161
735005370
78319648
384082753
658314739
1128042022
1998884960
1762199740
474660547
466386154
424394663
1241846820
221903502
208521823
1124031941
1891029414
1096702345
477237059
1406483516
2069844915
670138686
1252963357
706507944
1509544851
521408473
1454800847
272095067
493656195
945273599
843238433
947781824
1402904760
1578243803
1026101473
1786987513
89074894
6659847
1638388826
1851274635
481320394
2104774980
128185650
1723167215
179194834
336707473
699715508
2070224248
1433409818
1176952567
1329224116
1355771086
1847091253
434703825
2062279030
1209152456
956112299
1369596229
1481247524
1449768494
167386181
177002309
250066671
1570290941
1755246113
1276168144
1209794807
1844321007
1282827991
700699985
1548111994
1764148385
657991317
1676297644
1339831952
837186151
2013005117
2039547460
759926752
1298931288
1069016379
2089150868
507218726
768623985
376371046
422014108
1977776441
1332483345
1791610337
1311540317
634768191
1958996518
1488542627
884834862
1381803812
1096305092
13519358
444114971
793142451
1296347349
1144814956
193770798
913012087
1802806273
1870068442
105360391
492508776
1735589912
2144907852
1252435528
887037552
1066440583
1194102749
1394256278
1835064568
1570473795
1816270386
1665357362
755473492
1460397075
829414031
1390241683
1271909946
170473010
127592898
506230110
1266778102
141112256
950345081
2059920554
1437459606
2095160037
106207704
202988045
1750482662
1976276146
308348436
95507790
1564382410
305772640
1347943319
303936314
1372213224
394562420
1698192592
1059794144
1965036215
1366979330
577667858
573026059
679892758
1407081890
1963267742
1951802704
1577554900
2090860640
310549166
696849355
84489249
1260894247
609286261
1521948855
1208570636
715493965
1724936900
811569650
544286463
2033285336
907077440
2108668874
191574329
107537111
265121540
1563787553
502099531
1963314133
476098049
319652098
1182809815
1053765908
892678157
1862702573
313364150
708462252
1667021629
1890919050
651839244
1977570795
440284757
736328493
1090981394
1049571018
110793700
152068382
1765064983
1835730600
963638032
161867799
1721532289
1870715473
123053025
1913106618
1978252584
388174565
1329410523
332868468
204005050
1805508572
652520566
1386814866
711790832
1545198724
1102033791
1025154982
106177328
621571773
768590385
758016572
451658920
1208875142
1494345066
1542640315
110962513
1605138766
1694708697
1876027496
1293385719
510863082
2037895295
867434360
234094907
13464672
633057330
64863843
401639238
1962467853
397732311
605644288
1620492777
1050252878
1992459154
184799962
447967954
947009298
1209954944
554145282
1568581071
1978545329
1312161854
2020239991
1039936824
659023272
1415396658
1150899337
116678391
962621708
879443185
1410064110
1473484790
769854833
130014822
1707579697
783319505
763072152
1772443540
1184958743
578056357
22692204
1790603032
51065486
1072945082
1635578538
235865448
1520913036
435104188
1445820393
2075058318
2003685259
1276882074
1239736524
1876441603
169335250
1898759797
1144354613
1320234587
2015438188
2106976321
52194125
1278018650
1432977463
822048958
1408033472
993073512
1605368463
23621976
618033405
642843559
601678333
640725609
285962943
652743819
1713670691
1921541481
888609268
1087100079
209162022
186946013
1014674749
65363633
1463828087
106927625
1941805236
1633163338
2005687422
938676202
805914277
1873641962
898168875
858108402
1004176964
183662691
1680157360
264726788
1176736203
1138042176
288348764
1794769608
1780885735
890027097
288011569
2066848678
1542770917
2001682260
1840906511
283896537
941298691
2050068533
470842550
1955973440
2115432167
1934670637
2062901066
1909753755
1420350327
1921104840
700946309
78780957
1647263155
1599115185
936889359
503956471
1782777876
469563072
768683260
812030431
1607605248
1057032024
459316392
1241007335
1947059122
747327961
1160372365
1342346391
601526574
853795228
1626242928
1542825265
756380114
2097085478
1351315058
724328633
1884272467
1266732476
486598740
1157139147
1040353668
1187545050
1235920104
540133175
639176587
25325815
1044089647
274470815
494888887
1812772907
1086501246
2102494135
722321283
1545817638
1196017822
521896757
145661952
208906539
1864243148
747188526
1062701768
1343002428
142530143
1819081882
1292604258
1493845201
395926867
1029393078
613094029
882525607
39048577
1653447698
2070070657
1274968681
46097225
561763596
1300294496
1090186872
836234411
1795183384
755476131
1922735658
1750193871
1477797415
1321069648
798728046
1999694172
1466731600
1007634585
1716453673
66436478
2070336353
911972453
208966622
1741934587
57093064
1702811823
2137861454
1086486142
168422205
872903414
1125534719
1821869903
795490423
253019752
1867967128
1357254020
1553314248
810670353
46004783
1201013984
1566146484
1968740441
803724208
896460251
1142326442
1602452254
748670776
461574394
462603191
317640801
528010873
385455897
1229613254
736977495
2127390484
1286706318
292305670
2117768291
225708812
460727875
843188057
1351243531
135114130
1638678480
1604263283
2003081259
848448852
1010093884
666267964
894453636
63624220
84930800
715710429
867348428
981391052
1858036871
322317034
1730061828
172127618
784920226
2047702629
700138491
1170376123
1129832235
1437115986
1150282959
269054906
1729421656
1120567602
494763718
42665884
1963755659
1846007250
177780014
1454950492
1302786885
33377625
155915696
165397121
699645589
1050369332
229021342
784576390
1766079762
1096369770
1765967442
1476632985
1418686805
1348545622
1648760603
56123383
1248764603
201415446
1226499506
231113190
1638531432
229298817
500168096
1220469441
1349866420
994931815
1263135325
1166138431
693455417
1440915339
473605275
1996242302
1474292965
629520972
14155776
26454906
1679890304
243177118
811031296
1298486418
1339546888
429515090
627635756
610750045
1778060712
128912711
666873428
879341667
330328158
1893372934
1110454858
1968859590
2122671752
1610622954
1041845383
1325054524
458071121
157497060
343709307
1151526538
1598412400
817314583
1000285193
925221717
1446835555
1014440969
951676623
979242211
1257618087
1762707920
130244982
449681327
44739362
757880738
1060431373
1822800075
886793449
1727304801
554658094
1217121607
1473194088
1665112952
1038497550
1448382192
1128252259
2080342933
625953068
1586323380
90356346
969662375
590366271
1688768746
1786976958
1590651464
466506815
1086328865
457608785
1418183438
2065571077
1715226872
1033407710
48332411
17424551
1078147073
806213149
1077855924
753463500
1693006598
657677078
1308121594
762644558
2130871166
825750899
1801142108
1431769710
1954003158
1734001393
2057722778
1392842890
1824357739
879901505
1983209161
1365642837
519394816
1426376977
1832149652
1605723681
1883985762
1102849443
1523811110
1451728986
2136257153
1572143521
1469153538
1066920578
230873022
399525814
1820384078
1923879621
1057202892
981022025
539040531
1040590410
1806772924
192698991
324876472
1613292434
1926700384
235115602
858651676
1603574476
1115017108
694377190
821733665
1634411924
2120754167
506399670
1092651957
1857256282
1609249113
468979420
1161501620
1598022618
2041122941
483171510
517459549
124512316
882697325
190359979
2048391937
1939900217
1171382004
439948820
833006980
830671280
632647811
1157883452
296480066
411864547
1392999055
1155131743
2015439023
360532515
1849508933
689689041
1994944439
1822779452
1196088711
940112748
1532552086
657854176
1409092168
546570059
108393146
1302731462
1029741569
625852695
1427243778
1912438894
816212675
1328152067
1704855464
1987594679
1768100887
390378796
670782312
253265050
1548262248
967262378
665129597
793777655
2122394121
533084973
