50
42
50
52
43
45
52
54
55
53
53
52
49
48
54
52
50
50
46
51
46
51
53
48
55
50
48
50
51
52
46
52
46
44
53
45
48
52
50
56
52
52
45
51
49
53
52
53
50
51
50
47
43
58
48
47
51
46
54
48
53
50
57
48
44
47
48
53
52
49
48
52
49
52
51
47
50
48
51
44
45
48
53
46
48
53
43
43
44
53
43
53
57
52
44
52
50
49
53
51
52
50
53
50
52
50
54
47
53
50
48
51
49
42
44
40
45
51
48
48
53
46
50
54
54
46
42
46
47
45
58
52
47
43
46
52
51
49
51
52
44
50
48
50
49
50
50
53
49
48
50
48
43
47
50
52
47
55
48
52
48
49
43
47
47
51
53
49
43
50
36
50
52
52
59
45
47
50
51
47
47
52
50
46
40
53
49
50
50
52
43
49
47
55
56
52
56
50
48
43
49
58
50
48
45
52
45
50
49
49
49
48
48
52
50
48
51
47
50
43
54
52
54
50
57
40
45
48
42
57
48
52
48
50
46
49
54
54
52
46
53
48
48
47
40
47
50
53
49
50
53
44
53
45
51
49
56
45
56
47
53
46
44
50
52
47
49
53
51
51
49
52
49
54
56
46
41
49
47
47
52
53
44
51
50
49
49
51
53
40
48
51
50
47
48
49
49
48
46
47
47
46
55
52
47
50
53
43
54
49
54
43
50
44
49
46
49
40
50
50
48
50
48
38
54
55
49
49
45
52
49
42
51
49
52
48
54
52
51
48
49
46
50
52
50
56
43
49
44
52
48
46
42
49
54
51
50
52
51
52
46
53
45
49
47
50
46
51
49
49
48
48
51
48
53
52
51
53
56
49
52
48
37
48
55
56
46
51
52
49
49
42
51
46
49
54
47
46
50
58
49
52
51
54
49
50
49
54
50
47
45
49
44
43
50
51
54
53
46
49
52
55
44
48
54
44
48
48
48
46
52
50
51
50
47
47
51
50
53
53
48
41
48
51
42
50
47
54
48
55
52
45
43
51
46
47
49
48
42
50
49
55
45
42
46
48
53
53
50
51
54
53
49
51
50
51
44
50
46
41
54
53
46
47
48
49
45
49
51
50
52
48
45
47
51
52
47
48
46
52
44
49
47
53
47
44
54
54
48
50
52
49
46
51
47
43
42
39
47
42
44
51
50
45
50
54
49
47
53
48
44
43
52
53
44
55
46
49
54
52
43
48
51
46
50
49
41
54
47
49
56
50
49
42
53
45
44
52
44
56
46
52
47
51
52
50
47
45
57
52
54
49
49
47
52
52
43
48
52
46
42
49
49
45
53
46
49
52
55
49
52
45
47
52
44
48
44
53
50
49
46
49
49
50
51
48
47
52
42
52
48
46
49
54
53
52
55
52
51
47
46
46
53
45
51
49
57
51
53
54
47
49
46
52
48
46
43
48
41
49
51
42
42
47
48
49
53
50
48
49
49
44
52
53
45
50
53
51
48
45
52
44
46
54
47
49
38
50
44
45
53
48
51
47
52
50
49
39
51
49
51
48
48
43
53
52
52
54
54
51
55
41
50
51
50
43
47
46
44
51
49
53
55
52
54
46
47
53
50
48
50
38
53
54
45
48
44
52
53
46
45
47
48
53
49
48
53
48
52
47
41
46
50
55
43
52
50
46
47
45
49
46
47
50
54
51
51
54
46
53
46
49
47
52
43
46
50
53
53
50
47
47
44
36
49
51
50
49
52
50
43
49
53
47
50
50
56
48
44
52
50
45
41
53
49
51
52
54
43
47
41
51
52
52
47
50
54
52
50
52
52
52
40
54
45
52
46
50
48
43
48
52
54
56
46
53
52
51
45
48
51
28
42
44
48
45
54
44
50
51
53
50
45
45
53
46
51
48
57
51
42
50
48
51
47
48
52
50
51
46
54
54
46
52
52
54
50
43
51
47
53
52
57
53
52
47
52
50
48
48
50
48
45
51
50
48
50
47
52
52
50
47
40
51
48
49
48
50
41
38
42
47
46
51
52
53
48
49
43
49
51
54
51
52
57
50
53
49
53
54
43
50
55
50
51
50
54
52
51
50
46
46
44
44
51
55
48
54
45
48
53
47
48
48
51
44
47
52
48
53
49
54
47
47
48
53
52
43
50
46
51
53
49
41
53
51
45
51
48
48
51
47
49
46
46
48
50
52
49
50
51
49
49
53
52
44
54
45
46
45
46
54
44
49
46
45
53
46
50
51
54
52
47
46
50
52
49
47
47
49
49
