48
51
40
46
53
39
42
43
43
43
46
43
43
50
46
46
45
44
39
43
42
47
45
47
47
45
39
40
48
43
43
42
37
39
43
44
48
42
43
44
46
43
42
48
41
46
49
43
47
47
47
42
45
45
47
39
45
42
48
45
46
43
46
47
41
41
47
46
48
46
44
44
50
43
46
43
47
39
47
43
48
38
41
44
47
47
47
40
41
43
42
50
44
43
47
41
42
42
42
46
44
49
41
44
44
41
43
43
43
42
42
43
44
42
37
37
37
40
44
43
43
47
41
43
42
43
36
48
46
40
45
44
43
47
42
44
46
47
43
46
45
45
39
44
45
44
48
43
49
40
44
43
41
44
45
45
41
46
40
48
43
45
45
45
48
45
49
43
47
40
35
46
46
45
46
44
45
42
44
41
39
43
43
43
40
45
46
45
43
45
35
41
43
44
45
42
45
46
42
38
40
44
44
49
38
45
39
44
49
40
48
43
39
43
40
41
51
49
42
36
46
42
44
48
45
37
47
40
46
45
46
45
43
42
48
44
42
43
47
50
46
42
46
49
40
41
43
45
40
49
49
38
46
38
49
45
43
40
47
48
49
44
48
45
43
43
42
44
47
42
44
48
43
47
45
41
47
49
44
38
46
42
42
44
42
41
41
44
46
33
40
46
43
41
41
43
45
46
38
43
43
48
45
43
41
46
50
44
45
41
48
43
51
44
41
49
39
39
44
45
41
45
40
34
45
45
42
44
41
49
41
41
45
47
42
48
46
46
42
42
49
40
47
41
40
46
40
40
47
49
45
41
41
50
47
43
43
42
42
45
45
45
48
41
44
44
50
45
43
42
46
42
47
43
46
43
47
45
46
43
43
40
37
41
44
43
45
41
48
42
51
38
42
41
47
42
45
45
47
44
46
46
41
43
42
44
47
47
48
38
40
44
48
37
44
47
46
47
38
38
46
46
36
39
46
39
48
42
45
41
43
44
43
43
40
43
41
47
44
42
45
38
40
42
34
45
42
47
39
42
43
44
44
45
40
51
41
40
42
42
46
46
38
36
44
44
41
47
43
42
48
42
42
51
43
47
39
46
39
36
43
44
45
40
46
44
40
44
47
41
48
44
41
51
44
43
41
43
49
46
35
44
44
44
42
42
44
49
39
48
44
46
51
44
50
49
40
33
43
42
42
45
46
37
43
45
43
40
43
42
40
38
50
47
42
47
46
44
45
41
44
40
45
47
50
44
45
45
41
45
45
41
41
34
46
36
51
46
38
44
45
48
47
50
44
43
45
41
45
45
46
42
45
38
41
43
48
44
42
52
34
45
41
47
41
43
41
41
43
46
45
42
40
47
40
46
39
47
40
48
48
39
47
43
44
43
41
41
40
43
41
43
43
44
43
40
47
47
49
44
44
39
43
41
42
50
46
49
46
46
44
44
37
47
46
47
44
39
45
45
45
42
41
40
45
44
43
42
40
43
44
47
47
43
50
44
42
47
44
38
44
39
47
43
42
42
36
47
42
49
43
43
47
45
43
44
43
34
41
47
41
45
42
44
47
43
41
44
46
40
43
36
42
44
49
39
43
42
46
47
40
43
45
46
43
46
49
46
43
42
42
44
47
44
42
52
38
49
49
44
41
44
47
47
46
39
47
41
44
40
42
41
49
44
48
48
40
48
46
41
44
41
46
44
42
46
47
43
40
46
38
42
40
42
38
45
50
45
41
45
45
40
37
39
47
46
47
48
42
43
37
44
46
47
44
48
43
47
40
43
40
47
36
42
46
40
44
46
39
38
39
46
46
42
45
42
42
41
41
45
41
43
42
46
37
44
40
40
39
45
44
44
46
46
45
42
47
42
51
51
42
26
38
39
44
40
43
47
41
43
44
46
41
47
42
41
42
39
46
44
40
43
48
42
40
44
42
46
45
43
44
47
42
47
44
48
41
40
46
36
43
45
46
45
44
42
44
45
48
46
44
46
50
42
48
40
49
42
42
45
46
45
35
41
43
45
44
45
41
34
37
42
43
43
44
44
48
42
46
47
49
45
48
46
47
40
50
42
47
43
41
40
43
46
44
43
44
43
45
43
40
46
44
43
44
43
43
44
38
41
46
44
42
41
45
37
45
46
45
44
42
43
48
44
41
49
48
44
45
51
45
43
47
41
44
41
46
44
47
39
42
39
42
43
42
41
46
47
43
42
44
43
50
44
46
43
46
42
44
45
42
44
40
42
38
46
42
46
44
47
43
41
46
38
43
42
44
45
42
45
0
